,LBXGLU,LBXTLG,BMXWAIST,BMXBMI,BMXWT,BMXHT,RIDAGEYR
LBXGLU,1.0,0.315,0.233,0.15,0.162,0.041,0.183
LBXTLG,0.315,1.0,0.218,0.142,0.14,0.016,0.087
BMXWAIST,0.233,0.218,1.0,0.894,0.897,0.174,0.204
BMXBMI,0.15,0.142,0.894,1.0,0.883,-0.045,0.03
BMXWT,0.162,0.14,0.897,0.883,1.0,0.417,-0.028
BMXHT,0.041,0.016,0.174,-0.045,0.417,1.0,-0.135
RIDAGEYR,0.183,0.087,0.204,0.03,-0.028,-0.135,1.0
